1 2 3 4 5 6 7 8 9 10 11 12 13 14 15 16 17 18 19 20 21 22 23 24 25 56 71 38 66 39 34 49 36 44 37 31 33 67 45 72 57 51 28 70 26 74 62 30 68 32 43 64 27 60 29 47 52 61 63 73 59 41 40 54 48 55 58 35 50 75 42 46 65 69 53 76 77 78 79 80 81 82 83 84 85 86 87 88 89 90 91 92 93 94 95 96 97 98 99 100 
1 2 3 4 5 6 7 8 9 10 11 12 13 14 15 16 17 18 19 20 21 22 23 24 25 37 72 70 65 31 55 52 36 41 49 32 53 60 46 33 57 64 51 75 38 62 61 56 63 74 40 67 71 30 34 42 48 59 45 29 73 44 47 39 26 50 66 27 28 35 69 43 58 68 54 76 77 78 79 80 81 82 83 84 85 86 87 88 89 90 91 92 93 94 95 96 97 98 99 100 
1 2 3 4 5 6 7 8 9 10 11 12 13 14 15 16 17 18 19 20 21 22 23 24 25 47 68 48 57 44 38 35 56 52 30 66 60 49 46 67 32 59 61 41 40 45 31 33 29 36 28 73 71 58 72 53 63 39 74 65 64 26 70 55 42 34 50 43 75 27 51 37 62 69 54 76 77 78 79 80 81 82 83 84 85 86 87 88 89 90 91 92 93 94 95 96 97 98 99 100 
1 2 3 4 5 6 7 8 9 10 11 12 13 14 15 16 17 18 19 20 21 22 23 24 25 55 53 61 51 60 42 71 44 35 43 32 57 33 26 66 73 45 70 75 68 38 47 74 58 28 40 29 65 41 54 37 36 59 49 67 39 48 27 52 30 72 56 64 69 34 31 46 50 63 62 76 77 78 79 80 81 82 83 84 85 86 87 88 89 90 91 92 93 94 95 96 97 98 99 100 
1 2 3 4 5 6 7 8 9 10 11 12 13 14 15 16 17 18 19 20 21 22 23 24 25 37 48 46 31 53 71 51 29 35 61 41 30 57 73 43 54 60 42 36 39 65 52 32 40 50 67 58 47 72 59 74 70 68 28 34 69 33 66 44 45 75 49 64 55 63 56 27 38 62 26 76 77 78 79 80 81 82 83 84 85 86 87 88 89 90 91 92 93 94 95 96 97 98 99 100 
1 2 3 4 5 6 7 8 9 10 11 12 13 14 15 16 17 18 19 20 21 22 23 24 25 46 68 74 28 40 32 67 57 48 29 30 36 55 66 38 35 26 50 44 75 61 59 31 43 56 54 60 65 53 45 72 63 34 62 41 58 52 51 64 70 73 42 69 27 37 33 47 71 49 39 76 77 78 79 80 81 82 83 84 85 86 87 88 89 90 91 92 93 94 95 96 97 98 99 100 
1 2 3 4 5 6 7 8 9 10 11 12 13 14 15 16 17 18 19 20 21 22 23 24 25 33 47 43 62 45 58 31 27 44 30 72 50 48 36 37 32 38 67 53 39 29 42 28 26 69 74 54 63 70 68 73 66 35 71 56 59 49 34 57 41 46 40 55 51 75 65 52 60 64 61 76 77 78 79 80 81 82 83 84 85 86 87 88 89 90 91 92 93 94 95 96 97 98 99 100 
1 2 3 4 5 6 7 8 9 10 11 12 13 14 15 16 17 18 19 20 21 22 23 24 25 56 31 43 26 71 57 55 46 41 35 75 27 65 61 48 67 74 63 51 44 30 53 34 54 29 70 62 32 38 40 37 28 69 73 45 60 59 52 66 47 72 39 36 50 49 42 64 58 33 68 76 77 78 79 80 81 82 83 84 85 86 87 88 89 90 91 92 93 94 95 96 97 98 99 100 
1 2 3 4 5 6 7 8 9 10 11 12 13 14 15 16 17 18 19 20 21 22 23 24 25 45 50 44 28 48 46 42 49 32 60 27 33 43 71 52 55 67 65 37 29 58 47 64 56 57 62 72 63 74 69 53 38 34 59 54 41 73 31 66 70 30 35 26 75 68 51 39 40 36 61 76 77 78 79 80 81 82 83 84 85 86 87 88 89 90 91 92 93 94 95 96 97 98 99 100 
1 2 3 4 5 6 7 8 9 10 11 12 13 14 15 16 17 18 19 20 21 22 23 24 25 28 53 70 43 71 60 69 68 63 56 52 58 38 39 27 50 30 46 59 34 66 54 57 36 74 48 44 33 47 32 41 31 65 62 45 37 49 67 55 42 40 64 26 75 35 29 51 72 73 61 76 77 78 79 80 81 82 83 84 85 86 87 88 89 90 91 92 93 94 95 96 97 98 99 100 
